Secteur	Date	DL1	DL2	Age	Espece	Surface	Hab
1	02/02/1991	12	3	0	ST	1335	0
1	07/02/1981	3	0	0	ST	1335	0
1	07/02/1990	50	49	0	ST	1335	0
1	09/02/1978	0	1	0	ST	1335	0
1	09/03/1980	6	11	0	ST	1335	0
1	10/02/1982	27	31	0	ST	1335	0
1	10/04/1978	25	6	0	ST	1335	0
1	11/02/1986	19	14	0	ST	1335	0
1	16/02/1989	13	10	0	ST	1335	0
1	17/02/1993	28	23	0	ST	1335	0
1	23/03/1981	36	18	0	ST	1335	0
1	02/02/1991	57	29	1	ST	1335	0
1	07/02/1981	2	0	1	ST	1335	0
1	07/02/1990	19	8	1	ST	1335	0
1	09/02/1978	31	18	1	ST	1335	0
1	09/03/1980	31	4	1	ST	1335	0
1	10/02/1982	23	15	1	ST	1335	0
1	11/02/1986	26	2	1	ST	1335	0
1	13/01/1985	11	6	1	ST	1335	0
1	16/01/1992	53	19	1	ST	1335	0
1	16/02/1989	30	16	1	ST	1335	0
1	17/02/1993	36	12	1	ST	1335	0
1	23/03/1981	2	3	1	ST	1335	0
1	28/01/1988	33	16	1	ST	1335	0
1	07/02/1981	1	0	2	ST	1335	0
1	09/02/1978	1	0	2	ST	1335	0
1	09/03/1980	5	2	2	ST	1335	0
1	10/02/1982	1	0	2	ST	1335	0
1	11/02/1986	1	0	2	ST	1335	0
1	16/01/1992	2	0	2	ST	1335	0
1	16/02/1989	1	1	2	ST	1335	0
1	17/02/1993	1	1	2	ST	1335	0
1	23/03/1981	0	2	2	ST	1335	0
1	28/01/1988	1	0	2	ST	1335	0
1	02/02/1991	111	45	0	SF	1335	0
1	07/02/1981	20	15	0	SF	1335	0
1	07/02/1990	160	62	0	SF	1335	0
1	09/02/1978	341	173	0	SF	1335	0
1	09/03/1980	84	105	0	SF	1335	0
1	10/02/1982	8	1	0	SF	1335	0
1	11/02/1986	100	31	0	SF	1335	0
1	16/02/1989	77	46	0	SF	1335	0
1	17/02/1993	52	20	0	SF	1335	0
1	23/03/1981	110	54	0	SF	1335	0
1	02/02/1991	44	11	1	SF	1335	0
1	07/02/1981	9	2	1	SF	1335	0
1	07/02/1990	12	1	1	SF	1335	0
1	09/02/1978	137	11	1	SF	1335	0
1	09/03/1980	30	3	1	SF	1335	0
1	10/02/1982	38	3	1	SF	1335	0
1	11/02/1986	50	2	1	SF	1335	0
1	13/01/1985	93	13	1	SF	1335	0
1	16/02/1989	2	4	1	SF	1335	0
1	17/02/1993	10	3	1	SF	1335	0
1	23/03/1981	8	1	1	SF	1335	0
1	28/01/1988	19	1	1	SF	1335	0
1	02/02/1991	0	1	2	SF	1335	0
1	07/02/1990	1	1	2	SF	1335	0
1	09/02/1978	3	0	2	SF	1335	0
1	09/03/1980	1	0	2	SF	1335	0
1	10/02/1982	2	0	2	SF	1335	0
1	11/02/1986	1	0	2	SF	1335	0
1	13/01/1985	3	0	2	SF	1335	0
1	17/02/1993	1	0	2	SF	1335	0
1	28/01/1988	1	0	2	SF	1335	0
2	09/03/1980	1	0	0	ST	124	0
2	10/03/1980	0	6	0	ST	124	0
2	10/04/1978	3	3	0	ST	124	0
2	17/02/1993	0	1	0	ST	124	0
2	09/02/1978	13	2	1	ST	124	0
2	09/03/1980	5	0	1	ST	124	0
2	10/03/1980	3	2	1	ST	124	0
2	16/01/1992	6	1	1	ST	124	0
2	17/02/1993	1	0	1	ST	124	0
2	09/02/1978	4	3	2	ST	124	0
2	10/03/1980	1	0	2	ST	124	0
2	16/01/1992	1	0	2	ST	124	0
2	09/02/1978	68	58	0	SF	124	0
2	09/03/1980	282	0	0	SF	124	0
2	10/03/1980	6	58	0	SF	124	0
2	17/02/1993	52	19	0	SF	124	0
2	09/02/1978	21	10	1	SF	124	0
2	09/03/1980	7	0	1	SF	124	0
2	10/03/1980	87	3	1	SF	124	0
2	16/01/1992	12	2	1	SF	124	0
2	17/02/1993	24	2	1	SF	124	0
2	09/02/1978	1	0	2	SF	124	0
2	10/03/1980	3	0	2	SF	124	0
2	16/01/1992	3	2	2	SF	124	0
2	17/02/1993	1	0	2	SF	124	0
3	02/02/1991	0	1	0	ST	277	0
3	08/02/1990	28	17	0	ST	277	0
3	17/02/1993	3	2	0	ST	277	0
3	02/02/1991	55	17	1	ST	277	0
3	08/02/1990	10	2	1	ST	277	0
3	16/01/1992	28	8	1	ST	277	0
3	17/02/1993	38	14	1	ST	277	0
3	02/02/1991	21	1	2	ST	277	0
3	08/02/1990	13	3	2	ST	277	0
3	16/01/1992	36	4	2	ST	277	0
3	17/02/1993	12	7	2	ST	277	0
3	02/02/1991	22	13	0	SF	277	0
3	08/02/1990	135	35	0	SF	277	0
3	17/02/1993	44	11	0	SF	277	0
3	02/02/1991	45	5	1	SF	277	0
3	08/02/1990	7	2	1	SF	277	0
3	16/01/1992	7	2	1	SF	277	0
3	17/02/1993	7	4	1	SF	277	0
3	02/02/1991	2	0	2	SF	277	0
3	08/02/1990	1	1	2	SF	277	0
3	16/01/1992	1	1	2	SF	277	0
3	17/02/1993	0	1	2	SF	277	0
4	02/02/1991	31	6	0	ST	1761	0
4	08/02/1990	131	139	0	ST	1761	0
4	09/02/1981	1	6	0	ST	1761	0
4	09/03/1980	41	0	0	ST	1761	0
4	10/03/1980	17	32	0	ST	1761	0
4	10/04/1978	14	9	0	ST	1761	0
4	11/02/1978	1	1	0	ST	1761	0
4	11/02/1982	0	1	0	ST	1761	0
4	11/02/1986	134	67	0	ST	1761	0
4	16/02/1989	57	19	0	ST	1761	0
4	23/03/1981	31	38	0	ST	1761	0
4	02/02/1991	46	16	1	ST	1761	0
4	08/02/1990	24	8	1	ST	1761	0
4	09/02/1981	4	5	1	ST	1761	0
4	09/03/1980	24	0	1	ST	1761	0
4	10/03/1980	13	11	1	ST	1761	0
4	11/02/1978	15	7	1	ST	1761	0
4	11/02/1982	39	21	1	ST	1761	0
4	11/02/1986	23	4	1	ST	1761	0
4	14/01/1985	12	8	1	ST	1761	0
4	16/02/1989	58	8	1	ST	1761	0
4	23/03/1981	3	2	1	ST	1761	0
4	29/01/1988	48	18	1	ST	1761	0
4	02/02/1991	6	0	2	ST	1761	0
4	08/02/1990	5	3	2	ST	1761	0
4	09/02/1981	0	1	2	ST	1761	0
4	10/03/1980	1	0	2	ST	1761	0
4	11/02/1978	2	1	2	ST	1761	0
4	11/02/1986	1	0	2	ST	1761	0
4	14/01/1985	3	2	2	ST	1761	0
4	16/02/1989	18	2	2	ST	1761	0
4	23/03/1981	1	0	2	ST	1761	0
4	29/01/1988	3	2	2	ST	1761	0
4	02/02/1991	30	7	0	SF	1761	0
4	08/02/1990	101	48	0	SF	1761	0
4	09/02/1981	20	22	0	SF	1761	0
4	09/03/1980	1	0	0	SF	1761	0
4	10/03/1980	82	52	0	SF	1761	0
4	11/02/1978	118	77	0	SF	1761	0
4	11/02/1982	0	1	0	SF	1761	0
4	11/02/1986	52	35	0	SF	1761	0
4	16/02/1989	92	41	0	SF	1761	0
4	23/03/1981	54	15	0	SF	1761	0
4	02/02/1991	10	4	1	SF	1761	0
4	08/02/1990	7	4	1	SF	1761	0
4	09/02/1981	1	0	1	SF	1761	0
4	09/03/1980	6	0	1	SF	1761	0
4	10/03/1980	3	3	1	SF	1761	0
4	11/02/1978	20	11	1	SF	1761	0
4	11/02/1982	11	2	1	SF	1761	0
4	14/01/1985	7	1	1	SF	1761	0
4	16/02/1989	10	2	1	SF	1761	0
4	29/01/1988	2	1	1	SF	1761	0
4	02/02/1991	1	0	2	SF	1761	0
4	09/02/1981	0	1	2	SF	1761	0
4	09/03/1980	2	0	2	SF	1761	0
4	11/02/1978	0	2	2	SF	1761	0
5	03/02/1991	1	0	0	ST	154	0
5	08/02/1990	7	9	0	ST	154	0
5	03/02/1991	18	17	1	ST	154	0
5	08/02/1990	1	0	1	ST	154	0
5	16/01/1992	26	7	1	ST	154	0
5	17/01/1992	25	5	1	ST	154	0
5	18/02/1993	12	1	1	ST	154	0
5	03/02/1991	12	2	2	ST	154	0
5	08/02/1990	3	1	2	ST	154	0
5	16/01/1992	11	4	2	ST	154	0
5	17/01/1992	8	2	2	ST	154	0
5	18/02/1993	6	6	2	ST	154	0
5	03/02/1991	10	3	0	SF	154	0
5	08/02/1990	12	13	0	SF	154	0
5	03/02/1991	21	2	1	SF	154	0
5	16/01/1992	6	3	1	SF	154	0
5	17/01/1992	7	1	1	SF	154	0
5	18/02/1993	14	3	1	SF	154	0
5	16/01/1992	3	2	2	SF	154	0
6	03/02/1991	1	0	0	ST	60	0
6	08/02/1990	9	14	0	ST	60	0
6	03/02/1991	46	18	1	ST	60	0
6	08/02/1990	22	14	1	ST	60	0
6	16/01/1992	22	2	1	ST	60	0
6	18/02/1993	4	3	1	ST	60	0
6	03/02/1991	12	7	2	ST	60	0
6	08/02/1990	21	9	2	ST	60	0
6	16/01/1992	10	2	2	ST	60	0
6	18/02/1993	3	2	2	ST	60	0
6	03/02/1991	10	4	0	SF	60	0
6	08/02/1990	37	26	0	SF	60	0
6	03/02/1991	20	4	1	SF	60	0
6	08/02/1990	3	0	1	SF	60	0
6	16/01/1992	1	1	1	SF	60	0
6	18/02/1993	1	2	1	SF	60	0
6	03/02/1991	0	1	2	SF	60	0
6	16/01/1992	1	0	2	SF	60	0
7	03/02/1991	1	0	0	ST	127	0
7	11/02/1990	4	3	0	ST	127	0
7	03/02/1991	8	10	1	ST	127	0
7	11/02/1990	7	0	1	ST	127	0
7	03/02/1991	7	6	2	ST	127	0
7	11/02/1990	14	5	2	ST	127	0
7	03/02/1991	3	2	0	SF	127	0
7	11/02/1990	10	8	0	SF	127	0
7	03/02/1991	7	4	1	SF	127	0
7	11/02/1990	2	0	1	SF	127	0
7	03/02/1991	2	1	2	SF	127	0
7	11/02/1990	1	0	2	SF	127	0
8	10/03/1980	36	22	0	ST	733	0
8	11/02/1990	95	83	0	ST	733	0
8	12/02/1982	0	123	0	ST	733	0
8	12/02/1986	30	11	0	ST	733	0
8	17/02/1989	0	1	0	ST	733	0
8	24/03/1981	33	46	0	ST	733	0
8	03/02/1991	91	40	1	ST	733	0
8	10/03/1980	43	17	1	ST	733	0
8	11/02/1978	0	1	1	ST	733	0
8	11/02/1990	42	27	1	ST	733	0
8	12/02/1982	44	11	1	ST	733	0
8	12/02/1986	25	9	1	ST	733	0
8	17/01/1985	6	6	1	ST	733	0
8	17/02/1989	9	1	1	ST	733	0
8	24/03/1981	6	3	1	ST	733	0
8	30/01/1988	69	34	1	ST	733	0
8	03/02/1991	18	2	2	ST	733	0
8	10/03/1980	4	0	2	ST	733	0
8	11/02/1990	9	2	2	ST	733	0
8	12/02/1986	3	1	2	ST	733	0
8	17/01/1985	2	0	2	ST	733	0
8	17/02/1989	16	3	2	ST	733	0
8	30/01/1988	5	0	2	ST	733	0
8	03/02/1991	21	10	0	SF	733	0
8	10/03/1980	42	59	0	SF	733	0
8	11/02/1978	4	6	0	SF	733	0
8	11/02/1990	70	36	0	SF	733	0
8	12/02/1982	0	232	0	SF	733	0
8	12/02/1986	99	61	0	SF	733	0
8	17/02/1989	7	10	0	SF	733	0
8	24/03/1981	32	19	0	SF	733	0
8	03/02/1991	47	6	1	SF	733	0
8	10/03/1980	11	1	1	SF	733	0
8	11/02/1978	3	3	1	SF	733	0
8	11/02/1990	3	0	1	SF	733	0
8	12/02/1982	6	0	1	SF	733	0
8	12/02/1986	8	2	1	SF	733	0
8	17/01/1985	6	2	1	SF	733	0
8	17/02/1989	5	0	1	SF	733	0
8	24/03/1981	5	0	1	SF	733	0
8	30/01/1988	4	2	1	SF	733	0
8	03/02/1991	2	0	2	SF	733	0
8	11/02/1978	0	2	2	SF	733	0
8	12/02/1982	1	0	2	SF	733	0
10	03/02/1991	6	0	0	ST	667	0
10	09/03/1980	22	33	0	ST	667	0
10	11/02/1981	21	15	0	ST	667	0
10	12/02/1986	59	21	0	ST	667	0
10	13/03/1980	20	0	0	ST	667	0
10	18/02/1989	1	9	0	ST	667	0
10	18/04/1978	18	16	0	ST	667	0
10	25/03/1981	65	29	0	ST	667	0
10	27/02/1979	19	13	0	ST	667	0
10	03/02/1991	214	59	1	ST	667	0
10	09/03/1980	47	41	1	ST	667	0
10	11/02/1981	21	22	1	ST	667	0
10	11/02/1990	158	68	1	ST	667	0
10	12/02/1986	56	30	1	ST	667	0
10	13/02/1978	40	30	1	ST	667	0
10	13/02/1982	110	59	1	ST	667	0
10	13/03/1980	75	0	1	ST	667	0
10	17/01/1985	34	0	1	ST	667	0
10	18/02/1989	34	8	1	ST	667	0
10	25/03/1981	18	6	1	ST	667	0
10	27/02/1979	29	7	1	ST	667	0
10	30/01/1988	123	64	1	ST	667	0
10	03/02/1991	40	8	2	ST	667	0
10	09/03/1980	4	1	2	ST	667	0
10	11/02/1981	8	3	2	ST	667	0
10	11/02/1990	30	11	2	ST	667	0
10	12/02/1986	20	6	2	ST	667	0
10	13/02/1978	12	7	2	ST	667	0
10	13/02/1982	8	1	2	ST	667	0
10	13/03/1980	11	0	2	ST	667	0
10	17/01/1985	11	0	2	ST	667	0
10	18/02/1989	34	5	2	ST	667	0
10	25/03/1981	6	1	2	ST	667	0
10	27/02/1979	10	2	2	ST	667	0
10	30/01/1988	30	10	2	ST	667	0
10	03/02/1991	17	3	0	SF	667	0
10	09/03/1980	32	73	0	SF	667	0
10	11/02/1981	55	40	0	SF	667	0
10	11/02/1990	113	27	0	SF	667	0
10	12/02/1986	109	60	0	SF	667	0
10	13/02/1978	132	136	0	SF	667	0
10	13/02/1982	3	1	0	SF	667	0
10	13/03/1980	100	0	0	SF	667	0
10	18/02/1989	10	18	0	SF	667	0
10	25/03/1981	94	36	0	SF	667	0
10	27/02/1979	312	150	0	SF	667	0
10	03/02/1991	46	7	1	SF	667	0
10	09/03/1980	11	22	1	SF	667	0
10	11/02/1981	10	9	1	SF	667	0
10	11/02/1990	19	1	1	SF	667	0
10	12/02/1986	13	5	1	SF	667	0
10	13/02/1978	40	12	1	SF	667	0
10	13/02/1982	13	4	1	SF	667	0
10	13/03/1980	49	0	1	SF	667	0
10	17/01/1985	20	0	1	SF	667	0
10	18/02/1989	16	3	1	SF	667	0
10	25/03/1981	4	2	1	SF	667	0
10	27/02/1979	12	3	1	SF	667	0
10	30/01/1988	10	3	1	SF	667	0
10	03/02/1991	0	1	2	SF	667	0
10	09/03/1980	1	1	2	SF	667	0
10	11/02/1990	1	0	2	SF	667	0
10	12/02/1986	2	0	2	SF	667	0
10	13/02/1982	2	1	2	SF	667	0
10	13/03/1980	2	0	2	SF	667	0
10	17/01/1985	4	0	2	SF	667	0
10	18/02/1989	10	0	2	SF	667	0
10	30/01/1988	2	1	2	SF	667	0
11	04/02/1991	35	15	1	ST	262	0
11	12/02/1990	14	8	1	ST	262	0
11	04/02/1991	18	4	2	ST	262	0
11	12/02/1990	30	9	2	ST	262	0
11	04/02/1991	19	6	0	SF	262	0
11	12/02/1990	36	26	0	SF	262	0
11	04/02/1991	58	7	1	SF	262	0
11	12/02/1990	15	1	1	SF	262	0
11	04/02/1991	3	0	2	SF	262	0
11	12/02/1990	1	0	2	SF	262	0
12	04/02/1991	8	4	0	ST	430	0
12	09/03/1980	14	0	0	ST	430	0
12	12/02/1981	60	100	0	ST	430	0
12	13/02/1986	111	74	0	ST	430	0
12	13/03/1980	0	8	0	ST	430	0
12	18/04/1978	9	22	0	ST	430	0
12	28/03/1981	46	56	0	ST	430	0
12	04/02/1991	38	15	1	ST	430	0
12	09/03/1980	51	0	1	ST	430	0
12	12/02/1981	11	6	1	ST	430	0
12	12/02/1990	48	25	1	ST	430	0
12	13/02/1978	6	8	1	ST	430	0
12	13/02/1986	15	8	1	ST	430	0
12	13/03/1980	0	21	1	ST	430	0
12	14/02/1982	26	12	1	ST	430	0
12	18/01/1985	11	7	1	ST	430	0
12	28/03/1981	3	4	1	ST	430	0
12	31/01/1988	27	19	1	ST	430	0
12	04/02/1991	17	3	2	ST	430	0
12	09/03/1980	8	0	2	ST	430	0
12	12/02/1981	3	0	2	ST	430	0
12	12/02/1990	6	1	2	ST	430	0
12	13/02/1978	6	2	2	ST	430	0
12	13/02/1986	6	5	2	ST	430	0
12	13/03/1980	0	3	2	ST	430	0
12	14/02/1982	2	1	2	ST	430	0
12	18/01/1985	7	4	2	ST	430	0
12	28/03/1981	3	0	2	ST	430	0
12	31/01/1988	2	3	2	ST	430	0
12	04/02/1991	22	4	0	SF	430	0
12	09/03/1980	42	0	0	SF	430	0
12	12/02/1981	102	62	0	SF	430	0
12	12/02/1990	36	18	0	SF	430	0
12	13/02/1978	140	90	0	SF	430	0
12	13/02/1986	88	65	0	SF	430	0
12	13/03/1980	0	36	0	SF	430	0
12	28/03/1981	39	25	0	SF	430	0
12	04/02/1991	9	1	1	SF	430	0
12	09/03/1980	14	0	1	SF	430	0
12	12/02/1981	2	1	1	SF	430	0
12	12/02/1990	7	1	1	SF	430	0
12	13/02/1978	11	7	1	SF	430	0
12	13/02/1986	3	5	1	SF	430	0
12	13/03/1980	0	27	1	SF	430	0
12	14/02/1982	9	0	1	SF	430	0
12	18/01/1985	6	1	1	SF	430	0
12	28/03/1981	0	1	1	SF	430	0
12	31/01/1988	3	1	1	SF	430	0
12	04/02/1991	2	0	2	SF	430	0
12	09/03/1980	2	0	2	SF	430	0
12	13/02/1978	1	0	2	SF	430	0
12	13/02/1986	0	1	2	SF	430	0
12	13/03/1980	0	7	2	SF	430	0
12	18/01/1985	3	0	2	SF	430	0
12	31/01/1988	1	1	2	SF	430	0
13	04/02/1991	14	1	1	ST	129	0
13	12/02/1990	1	1	1	ST	129	0
13	19/01/1992	23	1	1	ST	129	0
13	20/02/1993	13	0	1	ST	129	0
13	24/02/1994	3	2	1	ST	129	0
13	04/02/1991	13	2	2	ST	129	0
13	12/02/1990	18	11	2	ST	129	0
13	19/01/1992	33	5	2	ST	129	0
13	20/02/1993	26	2	2	ST	129	0
13	24/02/1994	12	4	2	ST	129	0
13	04/02/1991	7	1	0	SF	129	0
13	12/02/1990	7	1	0	SF	129	0
13	20/02/1993	28	1	0	SF	129	0
13	24/02/1994	9	0	0	SF	129	0
13	04/02/1991	27	1	1	SF	129	0
13	12/02/1990	13	4	1	SF	129	0
13	19/01/1992	18	2	1	SF	129	0
13	20/02/1993	14	0	1	SF	129	0
13	24/02/1994	8	2	1	SF	129	0
13	04/02/1991	1	0	2	SF	129	0
13	12/02/1990	3	0	2	SF	129	0
13	19/01/1992	6	1	2	SF	129	0
13	20/02/1993	2	0	2	SF	129	0
13	24/02/1994	1	1	2	SF	129	0
15	14/03/1980	2	2	0	ST	444	0
15	14/03/1980	5	4	1	ST	444	0
15	14/03/1980	3	0	2	ST	444	0
15	14/03/1980	55	48	0	SF	444	0
15	14/03/1980	7	0	1	SF	444	0
15	14/03/1980	2	0	2	SF	444	0
16	14/02/1981	1	0	0	ST	227	0
16	04/02/1991	9	5	1	ST	227	0
16	14/02/1981	0	1	1	ST	227	0
16	04/02/1991	10	3	2	ST	227	0
16	14/02/1981	1	0	2	ST	227	0
16	04/02/1991	5	7	0	SF	227	0
16	14/02/1981	1	8	0	SF	227	0
16	04/02/1991	5	3	1	SF	227	0
16	04/02/1991	2	1	2	SF	227	0
P1	09/02/1978	9	4	0	ST	236	1
P1	09/02/1978	8	8	1	ST	236	1
P1	09/02/1978	1	1	2	ST	236	1
P1	09/02/1978	248	150	0	SF	236	1
P1	09/02/1978	19	1	1	SF	236	1
P1	10/04/1978	57	33	0	ST	236	1
P1	10/03/1980	0	1	0	ST	236	1
P1	10/03/1980	2	4	1	ST	236	1
P1	10/03/1980	4	6	2	ST	236	1
P1	10/03/1980	3	35	0	SF	236	1
P1	10/03/1980	14	16	1	SF	236	1
P1	10/03/1980	2	2	2	SF	236	1
P1	09/02/1981	0	1	1	ST	342	1
P1	09/02/1981	2	0	2	ST	342	1
P1	09/02/1981	0	1	0	SF	342	1
P1	09/02/1981	1	0	1	SF	342	1
P1	23/03/1981	1	6	0	ST	342	1
P1	23/03/1981	2	1	2	ST	342	1
P1	23/03/1981	7	12	0	SF	342	1
P1	23/03/1981	0	1	1	SF	342	1
P1	10/02/1982	2	1	1	ST	342	1
P1	10/02/1982	1	5	1	SF	342	1
P1	10/02/1982	0	2	2	SF	342	1
P1	14/01/1985	9	3	1	ST	342	1
P1	14/01/1985	3	3	2	ST	342	1
P1	14/01/1985	15	1	1	SF	342	1
P1	14/01/1985	1	0	2	SF	342	1
P1	11/02/1986	1	2	2	ST	342	1
P1	11/02/1986	4	3	1	SF	342	1
P1	11/02/1986	1	0	2	SF	342	1
P1	29/01/1988	50	7	1	ST	342	1
P1	29/01/1988	18	2	2	ST	342	1
P1	29/01/1988	16	0	1	SF	342	1
P1	29/01/1988	10	1	2	SF	342	1
P1	16/02/1989	0	1	0	ST	342	1
P1	16/02/1989	28	15	1	ST	342	1
P1	16/02/1989	16	3	2	ST	342	1
P1	16/02/1989	51	24	0	SF	342	1
P1	16/02/1989	4	5	1	SF	342	1
P1	16/02/1989	1	0	2	SF	342	1
P2	17/02/1989	4	1	0	ST	148	1
P2	24/03/1981	18	10	0	ST	148	1
P2	09/02/1981	1	1	1	ST	148	1
P2	10/03/1980	9	2	1	ST	148	1
P2	11/02/1982	1	4	1	ST	148	1
P2	11/02/1986	1	1	1	ST	148	1
P2	17/02/1989	40	19	1	ST	148	1
P2	24/03/1981	3	0	1	ST	148	1
P2	10/03/1980	1	3	2	ST	148	1
P2	11/02/1982	3	0	2	ST	148	1
P2	11/02/1986	6	0	2	ST	148	1
P2	17/02/1989	26	5	2	ST	148	1
P2	24/03/1981	1	0	2	ST	148	1
P2	09/02/1981	2	4	0	SF	148	1
P2	10/03/1980	24	23	0	SF	148	1
P2	11/02/1986	9	9	0	SF	148	1
P2	17/02/1989	23	6	0	SF	148	1
P2	24/03/1981	63	18	0	SF	148	1
P2	09/02/1981	0	2	1	SF	148	1
P2	10/03/1980	49	10	1	SF	148	1
P2	11/02/1982	8	1	1	SF	148	1
P2	11/02/1986	5	0	1	SF	148	1
P2	17/02/1989	4	2	1	SF	148	1
P2	24/03/1981	2	1	1	SF	148	1
P2	10/03/1980	8	1	2	SF	148	1
P2	11/02/1982	3	0	2	SF	148	1
P2	11/02/1986	2	0	2	SF	148	1
P3	10/02/1981	13	0	0	ST	134	1
P3	11/02/1978	0	2	0	ST	134	1
P3	11/03/1980	4	4	0	ST	134	1
P3	17/02/1989	62	1	0	ST	134	1
P3	09/03/1980	1	0	1	ST	134	1
P3	10/02/1981	3	2	1	ST	134	1
P3	11/02/1978	36	15	1	ST	134	1
P3	11/02/1982	1	1	1	ST	134	1
P3	11/03/1980	2	3	1	ST	134	1
P3	15/01/1985	3	1	1	ST	134	1
P3	17/02/1989	82	26	1	ST	134	1
P3	30/01/1988	15	4	1	ST	134	1
P3	09/03/1980	4	0	2	ST	134	1
P3	10/02/1981	1	0	2	ST	134	1
P3	11/02/1978	4	2	2	ST	134	1
P3	11/02/1982	3	0	2	ST	134	1
P3	11/03/1980	0	1	2	ST	134	1
P3	15/01/1985	6	0	2	ST	134	1
P3	17/02/1989	7	0	2	ST	134	1
P3	24/03/1981	2	0	2	ST	134	1
P3	30/01/1988	7	0	2	ST	134	1
P3	09/03/1980	1	0	0	SF	134	1
P3	10/02/1981	63	21	0	SF	134	1
P3	11/02/1978	262	147	0	SF	134	1
P3	11/03/1980	22	20	0	SF	134	1
P3	17/02/1989	64	16	0	SF	134	1
P3	24/03/1981	4	2	0	SF	134	1
P3	09/03/1980	16	0	1	SF	134	1
P3	10/02/1981	4	0	1	SF	134	1
P3	11/02/1978	27	6	1	SF	134	1
P3	11/02/1982	11	1	1	SF	134	1
P3	11/03/1980	0	8	1	SF	134	1
P3	15/01/1985	15	4	1	SF	134	1
P3	17/02/1989	1	1	1	SF	134	1
P3	24/03/1981	1	1	1	SF	134	1
P3	30/01/1988	5	1	1	SF	134	1
P3	09/03/1980	1	0	2	SF	134	1
P3	10/02/1981	1	0	2	SF	134	1
P3	11/02/1982	1	1	2	SF	134	1
P3	11/03/1980	0	1	2	SF	134	1
P3	15/01/1985	3	0	2	SF	134	1
P3	17/02/1989	1	0	2	SF	134	1
P3	24/03/1981	1	0	2	SF	134	1
P3	30/01/1988	2	0	2	SF	134	1
P4	17/02/1989	1	14	0	ST	301	1
P4	13/03/1980	0	1	1	ST	301	1
P4	17/02/1989	166	51	1	ST	301	1
P4	17/02/1989	66	16	2	ST	301	1
P4	13/03/1980	0	1	0	SF	301	1
P4	17/02/1989	38	25	0	SF	301	1
P4	09/03/1980	5	0	1	SF	301	1
P4	11/02/1978	1	4	1	SF	301	1
P4	17/02/1989	5	1	1	SF	301	1
P4	11/02/1978	1	0	2	SF	301	1
P4	17/02/1989	2	0	2	SF	301	1
P5	09/03/1980	1	0	0	ST	234	1
P5	12/02/1981	5	11	0	ST	234	1
P5	13/02/1978	0	1	0	ST	234	1
P5	18/02/1989	1	1	0	ST	234	1
P5	23/02/1977	1	0	0	ST	234	1
P5	25/03/1981	1	4	0	ST	234	1
P5	28/02/1979	1	0	0	ST	234	1
P5	09/03/1980	8	2	1	ST	234	1
P5	12/02/1981	2	2	1	ST	234	1
P5	12/02/1986	0	1	1	ST	234	1
P5	13/02/1978	2	1	1	ST	234	1
P5	13/02/1982	2	2	1	ST	234	1
P5	18/01/1985	5	7	1	ST	234	1
P5	18/02/1989	10	9	1	ST	234	1
P5	23/02/1977	62	0	1	ST	234	1
P5	25/03/1981	0	1	1	ST	234	1
P5	28/02/1979	1	0	1	ST	234	1
P5	31/01/1988	31	6	1	ST	234	1
P5	09/03/1980	0	1	2	ST	234	1
P5	12/02/1981	1	0	2	ST	234	1
P5	13/02/1978	2	0	2	ST	234	1
P5	13/02/1982	2	2	2	ST	234	1
P5	13/03/1980	2	0	2	ST	234	1
P5	18/01/1985	10	0	2	ST	234	1
P5	18/02/1989	20	4	2	ST	234	1
P5	25/03/1981	0	1	2	ST	234	1
P5	28/02/1979	2	1	2	ST	234	1
P5	31/01/1988	12	1	2	ST	234	1
P5	09/03/1980	44	41	0	SF	234	1
P5	12/02/1981	29	40	0	SF	234	1
P5	13/02/1978	85	51	0	SF	234	1
P5	13/02/1982	1	0	0	SF	234	1
P5	13/03/1980	1	0	0	SF	234	1
P5	18/02/1989	1	9	0	SF	234	1
P5	23/02/1977	2137	0	0	SF	234	1
P5	25/03/1981	39	26	0	SF	234	1
P5	28/02/1979	101	19	0	SF	234	1
P5	09/03/1980	4	7	1	SF	234	1
P5	12/02/1981	12	2	1	SF	234	1
P5	12/02/1986	11	3	1	SF	234	1
P5	13/02/1978	24	16	1	SF	234	1
P5	13/02/1982	36	15	1	SF	234	1
P5	13/03/1980	34	3	1	SF	234	1
P5	18/01/1985	31	2	1	SF	234	1
P5	18/02/1989	9	0	1	SF	234	1
P5	25/03/1981	3	2	1	SF	234	1
P5	28/02/1979	18	3	1	SF	234	1
P5	31/01/1988	46	5	1	SF	234	1
P5	09/03/1980	0	1	2	SF	234	1
P5	12/02/1981	3	0	2	SF	234	1
P5	12/02/1986	3	1	2	SF	234	1
P5	13/02/1978	5	2	2	SF	234	1
P5	13/02/1982	5	3	2	SF	234	1
P5	13/03/1980	7	3	2	SF	234	1
P5	18/01/1985	20	1	2	SF	234	1
P5	18/02/1989	1	0	2	SF	234	1
P5	28/02/1979	2	1	2	SF	234	1
P5	31/01/1988	5	0	2	SF	234	1
P6	13/02/1981	3	5	0	ST	207	1
P6	13/03/1980	3	0	0	ST	207	1
P6	13/02/1981	1	0	1	ST	207	1
P6	13/03/1980	3	0	1	ST	207	1
P6	14/02/1982	1	0	1	ST	207	1
P6	18/01/1985	7	1	1	ST	207	1
P6	31/01/1988	10	4	1	ST	207	1
P6	13/02/1978	1	0	2	ST	207	1
P6	13/02/1981	3	2	2	ST	207	1
P6	14/02/1982	3	0	2	ST	207	1
P6	15/02/1986	11	3	2	ST	207	1
P6	18/01/1985	3	2	2	ST	207	1
P6	28/03/1981	1	0	2	ST	207	1
P6	31/01/1988	10	0	2	ST	207	1
P6	09/03/1980	0	7	0	SF	207	1
P6	13/02/1978	18	30	0	SF	207	1
P6	13/02/1981	39	25	0	SF	207	1
P6	13/03/1980	42	0	0	SF	207	1
P6	28/03/1981	2	1	0	SF	207	1
P6	09/03/1980	9	3	1	SF	207	1
P6	13/02/1978	13	6	1	SF	207	1
P6	13/02/1981	6	2	1	SF	207	1
P6	13/03/1980	8	0	1	SF	207	1
P6	14/02/1982	13	1	1	SF	207	1
P6	15/02/1986	8	3	1	SF	207	1
P6	18/01/1985	16	2	1	SF	207	1
P6	28/03/1981	1	3	1	SF	207	1
P6	31/01/1988	16	0	1	SF	207	1
P6	09/03/1980	5	0	2	SF	207	1
P6	13/02/1978	4	1	2	SF	207	1
P6	13/02/1981	1	0	2	SF	207	1
P6	13/03/1980	3	0	2	SF	207	1
P6	14/02/1982	2	0	2	SF	207	1
P6	15/02/1986	1	2	2	SF	207	1
P6	18/01/1985	50	13	2	SF	207	1
P6	28/03/1981	0	1	2	SF	207	1
P6	31/01/1988	2	1	2	SF	207	1
